internal matrix:
[531.1474987384107, 0, 341.821127706816;
 0, 531.4320961017278, 235.0396987813927;
 0, 0, 1]

disortion coefficient:
[-0.2743913308837935, -0.03079775992081313, 0.0008956638928296607, -0.0002215259791657753, 0.276812365610271]


The transpotation matrix of No.1
[-29.94989017944103;
 -43.41251503492443;
 158.6023436091321]
The rotation matrix of No.1
[0.009471003220045904, 0.9627075132034022, -0.2703785200782908;
 0.9861444452635211, 0.03579137733341597, 0.1619818211543476;
 0.165618335862633, -0.2681664060435197, -0.9490296863090185]
The rotation vector of No.1
[-1.986185856166597;
 -2.013191578736005;
 0.1082187488554557]

The transpotation matrix of No.2
[-23.17795951382803;
 33.09516610514342;
 140.8335283173999]
The rotation matrix of No.2
[0.9755713011878496, 0.09427650800218416, -0.1984252411805513;
 0.20022974878682, -0.7531945542719536, 0.6265828046761578;
 -0.09038077228820743, -0.6510068382543975, -0.7536719528724682]
The rotation vector of No.2
[-2.425885907246162;
 -0.2051547270222198;
 0.2011839052302637]

The transpotation matrix of No.3
[-15.83246391674371;
 -40.0182225153976;
 126.2966975392244]
The rotation matrix of No.3
[-0.3666334432339875, 0.9209401498726297, -0.1320952635599368;
 0.9003043955983814, 0.3153925053241383, -0.2999659361520856;
 -0.2345888180809646, -0.2289034904450833, -0.9447599052105428]
The rotation vector of No.3
[1.730454499768793;
 2.495839129284769;
 -0.5025049938082461]

The transpotation matrix of No.4
[-39.26501902127576;
 -26.8058953822159;
 131.2509640466232]
The rotation matrix of No.4
[-0.01127439928166918, 0.9718541611355823, -0.2353133600208281;
 0.9937679981183495, -0.01520859521313911, -0.1104258327905739;
 -0.1108965907351817, -0.2350918716482925, -0.9656260963997485]
The rotation vector of No.4
[-2.144234151435431;
 -2.139946758218734;
 0.376914178696782]

The transpotation matrix of No.5
[23.53362203697676;
 -45.98158353514727;
 125.9787709107169]
The rotation matrix of No.5
[-0.9712623789835486, 0.1938630386706289, -0.1380815462276109;
 0.2356575296709391, 0.8646694632549596, -0.4436352646304978;
 0.03339041599932625, -0.4634261986031558, -0.8855062047030616]
The rotation vector of No.5
[-0.3401799324998931;
 -2.947375834640795;
 0.7183919236451999]

The transpotation matrix of No.6
[66.96804611246196;
 -26.05433967654848;
 132.9996042031257]
The rotation matrix of No.6
[-0.8956272150409923, -0.0892500563421941, -0.4357594739312401;
 -0.118083307201735, 0.9922186221505533, 0.03947832845952844;
 0.4288452217737965, 0.08681378519897008, -0.8991969430893381]
The rotation vector of No.6
[0.1471654047759022;
 -2.688046314097494;
 -0.0896422539473213]

The transpotation matrix of No.7
[7.959420522739725;
 -28.56518780381769;
 154.4708398105786]
The rotation matrix of No.7
[-0.9017967734791182, -0.3194805160184666, -0.2910236746851124;
 -0.2874232688325182, 0.9462745961146812, -0.1481629281622984;
 0.3227234789665633, -0.04996587468033269, -0.9451735118438028]
The rotation vector of No.7
[0.4457430617374937;
 -2.785964809540979;
 0.1455165405157966]

The transpotation matrix of No.8
[31.71100569096424;
 -35.03758232710624;
 125.7100043606241]
The rotation matrix of No.8
[-0.9502193781010879, -0.2434728718861284, -0.1944327496506251;
 -0.1599043931632576, 0.9166330099194036, -0.3663529857571589;
 0.2674204901055117, -0.3170250554476974, -0.9099348304632109]
The rotation vector of No.8
[0.3034670323788524;
 -2.841336159536179;
 0.5141160003946199]

The transpotation matrix of No.9
[-26.43013707840241;
 -32.2875063203974;
 110.3018330445757]
The rotation matrix of No.9
[-0.1693024991847132, 0.9034123997577856, 0.3939323542610957;
 0.9714313088992201, 0.08551809081409201, 0.2213772080270705;
 0.1663065719091048, 0.4201579370991247, -0.892081516472822]
The rotation vector of No.9
[1.916219185767798;
 2.194281575253619;
 0.6556930307090694]

The transpotation matrix of No.10
[18.86996380031441;
 -44.24943414054223;
 134.1687561141138]
The rotation matrix of No.10
[-0.809407757654649, 0.1576368212557589, 0.5656940113107554;
 0.1871739802702778, 0.9823089503604424, -0.00591837406283046;
 -0.5566192441501234, 0.1010928218329366, -0.8245939961069323]
The rotation vector of No.10
[0.2412467514481804;
 2.530150464357896;
 0.06658876764821668]

The transpotation matrix of No.11
[20.40202325341395;
 -40.90897088739178;
 127.8955787435896]
The rotation matrix of No.11
[-0.9974605617151374, 0.005949327410323994, -0.07097206018066081;
 0.03154489051564238, 0.9303340324086828, -0.3653539489653222;
 0.06385411267317641, -0.3666649610278624, -0.9281591774308744]
The rotation vector of No.11
[-0.02935455519372212;
 -3.018860348948748;
 0.5731040860399387]

The transpotation matrix of No.12
[13.59528073677706;
 -36.40413089731695;
 115.2284338412586]
The rotation matrix of No.12
[-0.9502166469827987, 0.3085699858538674, -0.04327687173203876;
 0.2493081744837218, 0.8362275518401669, 0.4884351703952064;
 0.1869057461191639, 0.4533299519925242, -0.8715263602978938]
The rotation vector of No.12
[-0.4414198974162536;
 -2.89436135657596;
 -0.7451696324929378]

The transpotation matrix of No.13
[18.10397468502147;
 -43.12659209052968;
 123.9518689634945]
The rotation matrix of No.13
[-0.8958006179981352, 0.1471596040911669, 0.4193868187221557;
 0.2269060392712069, 0.9627844420263272, 0.1468324471440375;
 -0.3821712994671534, 0.2266939988526033, -0.8958543010712195]
The rotation vector of No.13
[0.2688385626580533;
 2.698291327562507;
 0.2684510449927321]


Calibration error for each image:
The average error of the No.1	0.0369112	pixels
The average error of the No.2	0.0931008	pixels
The average error of the No.3	0.0484234	pixels
The average error of the No.4	0.0362391	pixels
The average error of the No.5	0.054875	pixels
The average error of the No.6	0.0620277	pixels
The average error of the No.7	0.042161	pixels
The average error of the No.8	0.0510392	pixels
The average error of the No.9	0.0438025	pixels
The average error of the No.10	0.0396312	pixels
The average error of the No.11	0.0362708	pixels
The average error of the No.12	0.0419533	pixels
The average error of the No.13	0.0590184	pixels
Overall average error:0.0496503pixels
